0 1.4258732258936195 -8.86701666230331
1 -3.047867205332091 -0.327260063112611
0 4.1440270592303445 8.113219355499485
0 -3.441363069717016 9.143784148912033
0 4.730610825842085 6.494874179711605
0 -2.5493900258263196 -9.229945522575667
0 -5.61099058817208 -4.616657377914663
0 0.4156512578993006 -7.154686822842695
0 -5.918458383748229 -1.4713219355607166
0 -7.418534810028257 -2.7784458130120875
0 0.26753716562938834 -5.209368968115957
0 7.543109374861846 2.4661258785700078
0 -1.770760333537936 5.329832988049555
0 -5.855456924447234 6.400087438623778
0 5.25066122400786 -9.3120475284854
0 4.5090453904873655 -9.14935833928422
0 -5.59876464552409 -1.7141475852422356
0 -7.5612180304829195 0.028097514740306195
0 9.168350480555013 2.4345100699635225
0 3.5024444421648546 6.746042849186985
1 0.6846992135581971 -4.2044597198688844
1 -0.9852127730496676 3.164906572193553
0 9.903391391323773 -3.3374672987261285
0 6.370154182221043 -0.22554344344678334
0 4.10373139799008 4.923612657155839
0 5.70588644438336 1.201365685649428
0 -2.966991887333217 -8.312375652463285
1 -2.148830885284683 -2.6252871137468636
0 -8.896264740704217 -9.747097333814612
1 -1.0277177099261543 2.0149326372177185
0 7.259265287027318 -1.6842024184129905
0 7.258359751519794 1.3800680720292817
0 -8.90507879279036 -1.6439743274060277
1 -0.9619772255872725 -2.3542604419958817
0 9.780710173814843 7.742014118284217
0 4.926703419857892 5.182366964804313
0 5.159633531076773 -1.0809029639318766
0 -2.382399063038383 -4.903830796631463
0 -5.3495666216743665 -1.6808042988599752
0 6.064052735768982 -3.7459800057743475
1 -0.33583644173908134 -3.055505806896792
0 -7.39369048710687 4.255149408082177
1 4.582439378382947 -0.4862756127767405
0 4.972286425638986 5.391972234127628
0 3.191000660854579 -5.269421526013172
0 8.944480533864844 -7.153609609214162
0 2.367737031383834 7.905819853804029
0 -5.951612247539007 -0.4434868700220598
0 -8.319782592198512 2.3285814784156926
0 -7.604723928989891 -5.954129772757932
0 -7.410462210633069 6.819576654490426
0 5.10064189396333 -0.12212074424020614
0 -8.40155073851429 2.8399526969867885
0 8.75106092096804 1.462210112490503
0 -7.785191718253746 -6.943104905159963
1 3.654858654180673 -1.9377997455256928
0 9.292956600302787 -3.416222844947905
0 -8.256089009886608 -7.188984099357285
0 5.1681077821634105 -4.178544090000324
1 2.1349218812947015 -2.4847899603467454
1 -1.526834418620533 -0.8148178848463861
0 3.8645501875424433 8.204881043144432
0 -1.040409547235237 8.466803181236354
1 -2.0898565587191182 3.4401856995065785
0 1.619389694917162 -5.126117700038408
0 -2.5733378006382086 7.0909867987026765
0 3.9573676400961393 7.774516879223093
0 5.151263762285588 0.6845551874252251
0 0.5703745350045093 -7.011878230285835
0 5.030648816580015 5.385378815622751
0 -1.3349877715393106 6.485154072172907
0 0.2546726568770872 5.619860555196315
0 7.733627781265689 -2.1963094868487616
0 1.6172119394364195 9.331576234397609
1 1.626066722953233 1.9900046118676151
0 -7.6274551876219725 6.652656012356562
0 -3.4017273272163777 4.47875910660774
0 -6.636022303766282 -6.064624661882481
0 -6.442377832990749 -3.435040006545531
1 1.646527018948369 0.7083090671540546
0 7.128560843005264 -8.600284343945688
0 -4.507046052502044 -8.43790788193277
0 8.438096424279827 4.837564319528674
0 9.900962249110624 2.8259134715768486
1 1.2188853938198125 -2.355593995794683
0 -4.715217277712693 6.384257523741226
0 5.793091290659039 -2.857825156437781
0 -4.15390447199147 7.520100976201885
0 9.815230083646004 7.00439164414804
0 9.880238711857935 7.115086639782518
0 -9.574257769229387 -4.070056162788898
0 7.928086803769869 2.7384762792625956
0 -8.584425104431313 -7.525785160868841
0 -6.462539820473512 -9.88763810759532
0 -6.420301317703288 -3.8009090303521464
0 -8.7989107053071 8.919402301543318
0 -3.6240164778417654 -5.40403337211157
0 8.20965374542292 4.935725575420783
0 -5.535444710520379 -3.6095677337844023
1 -1.103881755007274 1.4601079485278952
0 -0.08801174576166737 -6.354829591903213
0 6.8572127223104005 -8.885273286811671
0 -1.1000104346942035 5.522998493972535
1 4.69681910942338 0.407649693316241
0 0.5823913124536837 5.643335791637572
0 4.243282119686967 -8.095540315505602
0 1.2749999925736368 7.5212882464544215
0 -4.8606430463198125 -7.003550625549082
0 -7.885994377628657 9.547261879225793
0 8.655527734264933 7.826587697690645
0 -3.4383187652512497 -7.516014449361014
0 0.8081136452258342 9.073264103951853
0 7.224003000437257 -8.94920548884266
0 -4.813641675333367 -5.888168553649327
0 -3.1787972935971442 4.961954822494032
0 1.0986150353448245 -5.195115652254287
1 -1.8165163817356085 4.567611984797875
0 2.0565649088857363 9.743781876437463
0 6.324750257270267 -8.041663034764186
0 -5.217820453423041 7.420557956329869
0 7.462016567431554 -0.7439556728119339
0 -8.160675258308583 3.8713344339995146
0 0.4324349637698255 5.753205898158454
1 0.11618365952107901 -1.6745068046711324
0 7.585417216876561 -5.3594039317443
0 7.362340111012809 7.122906328677576
0 4.745676463463024 9.967095948193723
0 7.400053438054265 -8.942745995232766
0 -2.0477837896710582 -9.853056841732046
0 -4.3958690273150935 4.730593937110722
0 -0.31496553685806994 9.3865675305424
0 -4.737986443085056 -2.8855437058195488
0 7.689741410089685 3.422699527951554
0 1.6521311858571117 -6.89738192110755
0 -5.4356935604189065 -8.51869858807926
1 3.593754398713589 1.822562818487457
0 -2.7193736434417133 9.234103438279782
1 0.6923905103679253 -1.1007319825317818
0 5.581683012393075 -3.545649914057125
0 3.0642726423283513 -7.028490575584692
0 -5.819398781659304 5.972632868215886
1 -2.1136555531817063 -1.9598029973798567
0 -1.1631267798543465 -7.559974394268345
0 4.090320748500124 4.252673074954092
0 -4.6013450671267275 2.5572116544794614
1 -4.5512703298240815 -0.6481436001229994
0 -5.962838157339904 -6.375633856395755
0 -1.731058293531289 -8.450484730115706
0 -8.912726340214851 -6.6153849278287025
0 1.487771146109889 -5.5964800817954625
0 -7.429352329712533 -1.9868463817968127
1 1.6460323361377398 4.593176281067601
1 2.2625270044710746 3.2164811031060303
0 -8.85505411244559 -6.906453587094051
0 4.08528981456735 8.811957508756269
1 -1.4553462046997527 4.128125089047302
0 0.3960551997574502 -7.578478862175326
0 6.982340642592973 5.5595844812022115
0 6.867709787907259 -3.281076687743891
1 0.5202920810042695 1.4955604293076323
0 1.1298716127191888 -7.713799901039248
0 2.8280605282327222 -7.5084420204510005
0 -9.425428903463482 1.9692310050636301
1 -0.4671546899815926 -3.0715487087727738
1 -2.6707634878169966 -3.446192463427513
0 -2.260699825062538 -5.810870017035057
0 -6.23542095906333 -5.734915643065335
0 7.532292391362137 6.0599809940118305
0 -8.111061778933992 8.104510652175023
0 -1.0556122409211373 8.56554998083844
0 4.410056617545418 2.894086007212181
0 -6.216706650483383 -0.5858971734429872
1 1.9161941085618022 2.240058581372775
0 -1.8493830988144744 -7.698115554557148
0 -6.8337039633068075 4.694711864991765
0 -5.232811515209141 7.915703288127961
0 1.2700027310751096 -6.264723849992738
0 6.428410857670993 1.0731825264037997
0 -3.6926857744462405 -3.5192054199527085
0 -8.89043451080402 -7.20808641681778
0 -3.5508399433825737 7.214391859187323
0 7.099065331523768 9.642691923531494
0 0.6399237401120992 -8.275308580990488
0 -2.3064768866485093 -6.291187798795804
0 5.5724078641579045 3.901729514698893
0 6.858188864653478 7.263996195122022
0 -7.458631109045033 -0.4401482205984557
0 -8.452270161686652 3.6823403218611226
0 1.1070804481434298 7.670403837505425
0 -5.512759517248211 -6.782010925297763
0 4.415709486095222 -8.416458326153538
0 7.932069073147208 -9.109569249165926
0 -9.504337886580531 9.34321319175854
0 -8.459790796014214 -2.9868387404289436
0 9.840902900844966 1.4204883274580897
1 4.991082817602994 -0.27858182577473123
0 4.8100582611697345 3.18172305025157
0 4.159003955713072 5.061237631457399
0 -0.5316785419277039 -8.999828462862247
0 -3.977964592636325 3.601528147195266
0 -0.9061084473541658 5.942122512123971
0 3.4872862948985315 -7.137832922030068
0 5.240721923247689 8.33627692594904
0 -8.612723982357318 -9.110173606722737
0 -2.391823374490909 -6.190934588849492
1 -2.3677464584333707 -2.1585250432260956
1 -4.51792882918125 1.6455292594635402
0 -9.810844717236886 -1.1616705804111973
0 -5.814560552699599 -6.897289075850155
0 -8.784017041354186 -5.8548188690026475
0 -1.5059272115161821 8.130038335363064
0 7.822773948728575 5.596163819637889
0 6.867166207205905 -7.466129085970701
1 -2.804949072358278 3.882306651385809
1 1.7440860906162907 3.141565641486153
0 -9.380114723624386 1.3411405494569184
0 3.620143439899554 7.905693070457097
0 9.247067403130526 -4.821451268237251
0 6.1890051484061885 9.389002123139619
0 -4.292838698500487 9.158122773931815
0 -4.524452195689721 8.958414642767426
0 1.552581659871679 -6.674925354462172
0 -7.049596640798324 8.681442040664717
0 1.7685400609080624 -7.063648978887862
0 -0.31124185146497574 -5.887254108509707
0 -4.252990628463982 5.321702916701254
1 0.693307650982927 0.07022762244867486
0 -6.363846617775247 4.394390943524947
1 -0.08205596994139697 -3.0945702060566056
0 -1.2769174565977615 5.437443592123202
1 -0.3744965741824018 3.3768128927862833
0 -3.4845455513199575 -8.474684190591402
1 3.3470511639402645 -1.6787803212413657
0 0.5627913657333288 9.164618377402242
0 9.072991156460098 1.2769168170098748
1 4.154742638616405 2.0117738745005536
0 -2.5794923153489417 5.537757607217237
0 -9.502275041131472 -2.3063637424107553
0 -1.4641707785496756 7.723568832197081
0 0.7860069634192239 -5.947122060304064
0 6.0713056324980315 9.256978010506142
1 0.20284247659961707 -4.852763212780101
0 -1.2204352483602943 6.668946915945845
0 -1.10709935150485 -8.467367804803189
0 7.029626194099002 -7.714106888047811
0 6.326687969778359 -0.34135353590080797
0 7.059594189134415 -9.336724810262284
0 7.272352354267063 0.8187782316660464
0 -7.217158151124368 1.9246658299624269
1 1.3000444864440226 0.20908996013634784
0 -6.469590912432901 8.33903967546086
0 -8.042439343582807 5.732661764763316
0 8.942019621983821 -7.684060150814121
0 4.44637481612572 6.504489104194356
0 -5.012074396270556 9.127419305358636
0 5.139112198937731 9.154897272770825
0 -0.7920209288909064 -8.732136535281166
0 6.974030020087426 -9.086058900944987
1 2.8163016900411897 3.3239449372911523
0 7.241600086596115 -4.389161997478062
0 -1.884430571549938 -6.023561220814669
0 9.128450863174749 8.64920331472867
1 0.14199437450936436 4.401316917345962
0 -7.15844731105255 -0.8213062099310182
0 -2.4427242994783205 -4.85340787869863
1 3.417579014362264 1.2600785261189067
1 1.048097139706492 3.216521110331543
0 -3.5766184129764866 -8.07403693550669
0 2.581293281305859 -6.988575283211884
0 -3.4292530541999504 -3.7886297925329915
1 0.504745930877359 -1.4589767417033386
0 2.8051062228156294 6.807671892393763
0 8.749243636905174 -1.0380738647070622
0 9.564590676646233 3.5378834276371567
0 -4.721495657700885 8.196613067419285
0 9.85505591035868 -5.8421732547345195
0 -6.856043047296099 -8.858485239972666
0 -7.0506429260652315 7.260647917838636
0 3.172290460571322 -8.290412838309276
0 -9.189950739599745 2.583817376899667
0 1.0080297071658944 9.74866585631159
0 5.504568702684576 4.069230625491976
1 3.5018400435811046 1.103742358101469
0 -6.351921844462549 0.906700826227107
1 2.7261747816024986 -1.7474613518629063
0 -9.263447093769946 4.973721314291735
1 1.1821505954338836 2.3573196259606473
0 7.238672876249687 -7.065417101759499
1 -1.4257716084099066 -0.20221493489531106
0 -1.5766959858911953 9.065858354949079
0 9.777577082864099 3.3765799317700385
1 -4.509996490847971 0.18392071371281737
0 -0.44395549535041035 6.578691822327375
0 9.365588539674047 -0.4979476533407343
0 -5.862254058506336 7.9513400117250015
0 8.106185887062654 7.76316771819355
1 3.466833363178953 -1.6314284563789414
0 -7.560055795492984 -9.17724682682044
1 2.5742165252248377 1.0375218341991115
1 1.528612483949118 2.652105193811849
0 5.130269039621812 -4.9472874777947755
0 5.132488817226834 -2.037628354543899
0 -1.6762386193930574 9.26928086164083
0 8.988014736297394 -9.270450829473443
0 -4.139152578287395 8.811635734505902
1 -2.3491782609970535 0.9762160440373187
0 -0.0010721701561173802 6.06944891871813
0 8.981485616385957 1.6187608099442912
0 7.405969656969269 6.0940729344959585
0 -4.9961720831338186 8.235365975241137
0 -8.357386472909665 9.137826589515406
0 9.846950043530754 8.94962946586919
0 0.20073751661040085 -9.279971197262991
0 -6.637451930781171 -6.317362339211274
0 9.084372479555316 0.32995766764447154
0 -9.00186767417377 1.6062974159982382
0 -7.323483136826732 -0.5608007512463331
1 2.1099484410629614 -2.189022326220469
1 -0.5610479625803606 -0.27869662488882163
0 9.39368234569326 -3.5190024548633563
0 8.240879562273406 8.006606442445978
0 2.3306725244822495 -4.85728313685091
0 -8.831249464903234 8.310915765201667
0 5.548579965861284 -0.3783300413742712
1 -0.1904143355914929 2.6325478346459192
0 -7.933415727344011 6.249118675707141
0 4.927992522137114 -1.685443859403799
0 5.427096616275609 -2.439398950788407
0 -4.340973546566744 -8.27927519542951
0 8.070516360029579 4.85612728490552
0 5.931816633737766 -3.482711131398622
0 8.130472672092552 8.754581524998795
0 -8.352206321053245 5.558843789888437
1 -0.4613348784226652 -3.3265402595491578
0 6.042179459392926 -1.2033243576623711
0 -4.252409449912555 -9.827907867058286
0 -8.663068359093726 0.029740493822227876
0 -4.159938431085248 -9.8549716979506
1 -1.1301025237800744 -2.1733938949771803
0 5.142044587355821 -7.706276655966771
0 -4.9564192123307516 9.782349175353428
0 8.919118049149649 -6.594847260610754
1 -3.98593755919348 2.5270072652556017
0 7.900055938737452 3.4266942216369465
0 5.515485154418586 3.1393657245346027
0 6.164516612123286 -0.2139533814730914
0 0.1763955068632086 -9.656609144026548
0 -8.251097261791312 -1.8298170161811438
0 -9.249088659199746 -6.306465577877647
0 -2.7828930590596794 -5.23346073777633
0 -3.88361127883263 -5.273426981006701
0 -8.57535105993727 9.576941214566844
0 -7.887630832362198 -7.608658478455215
0 6.076440718004072 9.493581460113433
0 2.9414162453689663 7.478534503021471
0 -9.861769879727973 6.243977261786817
0 -9.307103145800383 -3.850226955670985
0 -9.279496860139725 -3.050089684119204
0 -7.339981741889581 -7.255135923599331
0 -8.946743370023402 -2.6966151766836433
0 -7.048284233089261 1.4404077550322718
1 -0.34058083796596605 1.4884646866236562
0 -9.981595037634616 8.650150713880166
0 7.5858487741152985 -7.990768059243858
1 -0.055766338161046036 -2.6680641494336843
0 -5.046487915338851 -4.264285694233127
0 -3.1626271225896936 6.235572068960977
0 -8.139414516231891 -6.356464966990744
0 -4.573471886420865 -9.550641026619695
0 4.649464032485067 -9.256275240875024
0 -7.526250320862302 -4.021955874293348
1 1.3374339024074047 -0.8228491086310044
0 2.8853245643189815 5.495994006724816
0 -5.551410998496649 5.552022083351895
0 4.623267903015575 7.047472015773618
0 -9.01856557350314 8.381123252348857
0 7.073540286872738 -5.262511486349419
0 -6.157045177478682 -3.50177789360046
1 -0.025037230422633172 -2.737373088511676
0 7.725480683106436 -3.7849225922795204
0 -5.033331198176749 -1.2961652315443555
0 -7.539037597397458 -7.958848919460946
0 5.954159157700696 -8.499620046229966
0 -8.567769421725096 3.2322957872894698
0 9.619710540013596 -2.7478085335272473
0 8.389742973824333 5.248293482683504
0 -1.975161908250131 7.005407934236448
0 9.343023564377507 6.75650689105662
0 1.081580568559982 9.252506173507633
0 7.410500246184107 6.304038480816228
0 8.484243771142634 5.375371916819887
0 -2.1692175956764848 7.914616301108019
0 -6.703380973608224 0.7785006750026398
0 4.633726821601538 6.79798288069567
0 5.043508834774276 2.659469456007521
0 -7.242115870938541 8.859034825916833
0 7.369210363229694 6.043286399202692
0 8.230635336539315 8.009675282846
0 -4.315434526923014 3.470651285839928
0 3.068242500435609 -5.19662668106106
0 -3.7574016262715437 -8.512121057809832
0 2.7227085923143655 9.274964207826354
1 -0.9117901301715001 1.0490881479063674
0 6.1631940764581685 -1.9149982462031865
0 9.23309688316435 3.990531288220005
0 6.635804784300859 7.2399878845998344
0 6.403275257270792 4.674242164250373
0 2.175130767450904 5.879552049160125
0 -9.716870921742686 3.2036793535426806
1 0.609747178859589 4.520590447065453
0 8.968286667551133 -5.447808837472823
0 -7.656104659816723 -3.9779909924962293
0 -0.20745457969097103 7.0635313182990735
0 -3.8272124765301108 9.671715195286627
1 1.9974966830274212 0.3073274743007701
0 5.642248043743374 6.813430681040874
0 1.7980276331456935 4.7880341359084575
1 -2.8540886020301537 1.5400246105854603
0 -3.9910896717918813 6.769066484462506
0 0.4248723633551563 -8.76365723748558
0 2.817483846927324 -5.052371410091299
0 -4.65731402144675 3.944930711280545
0 6.983692969855319 3.515053804562296
0 -1.9019047914257943 7.456230832295688
1 1.480050142349011 -4.293545591232448
0 -6.354605273499194 -3.8040867416582174
0 5.087053556413778 8.86501887183509
0 7.813372845647912 -6.123602197609401
0 -7.488318299359489 4.962073754802949
1 -0.32898827692142874 0.7577232585244449
0 -9.831674874392549 6.261801534312106
0 -3.5462374639819156 -9.744186862455425
0 5.04019675596037 -2.8435257186675393
0 -3.2588654356219093 -7.036638962997119
0 -8.477644069195161 -4.588172357857578
0 8.182506282184978 3.89625604715075
0 -2.6508274460468044 9.02708977051386
0 -9.372911729515076 -7.238933546137076
0 9.141196618822157 -6.585666415220013
1 -0.1290433098726389 -2.8961169202875547
0 -6.580570091175009 5.9390824611085336
0 9.041796187614484 -8.492656212883071
1 2.8777733877531837 -0.9819050059340935
0 3.5066059167797903 3.7382052823688667
1 -1.9069861318346106 1.5470138044912254
0 -6.325800681245419 2.6981693042296495
0 -0.2656762465335767 -6.194745196518072
1 0.8100549475170915 1.4192471578327943
0 -6.900134375360638 -6.672889571382004
0 -5.756868488739039 4.46493212758444
1 4.086549299299859 1.9596966301530614
0 5.283284503995967 3.5369607212791436
0 -4.171468053717923 -3.1411217621642944
0 -7.492106918305586 3.121873993891459
0 4.7064524228621725 -3.0252821130441436
0 -4.990903200603118 -0.6599025626931585
0 4.271228596835673 -9.169234271928142
1 -0.06729952122430483 3.3184843218688904
1 -0.44404621964927493 1.5628204656474516
0 1.7838551984160347 -6.449401714493524
0 -6.25853298594683 -6.7486317680729275
1 -4.324311420144673 -0.044323062435253746
0 3.22097522268594 9.98407764598641
0 6.573251922611988 -4.455783621041327
0 7.04851604349448 4.003561362135342
0 2.9358190612297097 -8.309284881580059
0 -7.762403231779025 7.677919475525108
1 2.812580282020761 -0.6707071424223177
0 -4.627706095377675 3.384379609120689
0 -9.709073294741849 -4.063670602224471
0 -8.087862138946829 -3.0596003531114935
0 -8.36498702152769 -4.501412786346652
0 -7.862055735827205 -8.960660427497736
0 -7.89474641454929 -0.7098930192011252
1 -3.780603225046148 1.7691050181750825
0 -8.336015716096433 -3.549473988532057
0 -5.041272546899201 3.6027632547732917
1 -3.7652864280196185 -2.465827548967649
0 -1.6964199532655133 -6.020650111814653
0 8.64332968557914 -5.3725232300286745
0 -5.734125707728777 1.9287920200279949
1 -5.280223858505906e-05 -1.8212026407626851
1 0.7432016854432515 2.6410904196107445
0 5.324091327545839 0.21160816391084758
0 -0.1364001650160862 -7.611676854678569
0 -6.609232648637084 9.436707639000925
0 -5.973963770459381 7.1612642728555755
0 -0.9079199592852039 5.329709554769641
0 3.2137665377677607 3.8629746112485215
0 0.7559151120829792 9.975399737304283
0 -3.525691226080232 -6.381865446126998
1 -4.447270540337687 -2.1116550686029516
1 3.0610145924672487 2.186441145608242
0 6.576672228130242 -3.0287505250411995
1 1.6578235675176813 -3.1516970050593596
0 -6.070718684117644 4.0459326936881705
0 5.29649790569165 -1.2576931809166716
0 5.600506498713715 7.9516466878167655
1 -1.955250117094236 3.12572755485405
0 -4.7598401370956545 8.528685015638548
